28
3
8
5
[[11,17,9,5,8,12,10,3],
[11,17,9,5,8,12,9,3],
[11,12,9,5,8,12,10,3],
[11,17,9,5,8,12,5,3],
[6,15,2,5,8,12,10,3]]
[63,64,64,65,65]
[[0.00561,0.04624,0.02601,0.0136,0.00816,0.01632,0.0068,0.00204],
[0.00561,0.04624,0.02601,0.0136,0.00816,0.01632,0.0017,0.00204],
[0.00561,0.01156,0.02601,0.0136,0.00816,0.01632,0.0068,0.00204],
[0.00561,0.04624,0.02601,0.0136,0.00816,0.01632,0.0068,0.00204],
[0.00561,0.04624,0.02601,0.0136,0.00816,0.01632,0.0068,0.00204]]
[11,17,9,5,8,12,10,3]
[0.00561,0.04624,0.02601,0.0136,0.00816,0.01632,0.0068,0.00204]
1,2
2,3
2,4
3,5
3,6
4,6
5,7
6,8
-1,-1